     	CGCGC	CGGCG	CGTAT	CTAGG	CTCTT	CTTCC	GAAGC	GACTA	GAGAT	GATCG	GCATT	GCCGG	GCGCC	GCTAA	GGAAG	GGCCT	GGGGA	GGTTC	GTACA	GTCAC	GTGTG	GTTGT	TAATG	TACGT	TAGCA
CCAAC	3	4	3	3	4	3	3	5	4	5	3	4	3	3	3	5	5	4	4	3	5	5	4	5	5
ACGTA	5	4	5	5	4	5	5	3	4	5	3	4	3	3	5	5	3	4	4	5	3	5	4	5	3
ACACG	5	3	5	3	5	4	4	5	5	3	3	3	3	4	3	4	5	5	3	5	4	5	3	5	4
AACCC	3	4	5	5	4	3	3	3	4	3	5	4	3	5	5	3	5	4	4	3	5	5	4	3	3
CAACT	4	3	3	3	3	3	3	4	3	3	3	5	4	5	4	3	5	5	3	5	5	4	3	3	3
ATTAG	5	4	3	3	4	3	5	5	4	3	5	4	5	3	3	5	5	4	4	3	3	3	4	5	5
AATTT	5	5	3	5	3	4	4	3	3	3	3	5	5	4	5	4	5	3	5	5	4	3	3	3	4
AGAGT	3	4	3	3	4	5	3	5	4	5	3	4	5	5	3	3	3	4	4	5	5	3	4	3	5
ATCGA	3	5	5	3	3	4	4	3	5	5	5	3	5	4	5	4	3	5	3	3	4	3	5	3	4
AGTCA	4	3	3	5	5	3	5	4	5	3	5	5	4	3	4	3	3	3	3	5	5	4	5	5	3
AAAAA	5	5	4	4	5	5	3	3	3	4	4	5	5	3	3	5	4	5	3	4	5	5	3	4	3
CGATA	3	3	3	3	3	4	4	3	5	5	3	5	5	4	3	4	3	3	3	5	4	5	3	5	4
CATGA	3	4	3	3	4	3	3	3	4	3	5	4	5	3	5	5	3	4	4	5	5	3	4	3	3
ACCAT	4	5	3	5	3	5	5	4	3	5	3	3	4	3	4	3	5	5	5	3	5	4	5	3	5
ATATC	4	5	5	3	3	3	3	4	5	5	3	5	4	5	4	5	5	3	3	3	3	4	3	5	5
CCGGT	3	3	3	3	3	4	4	5	3	5	3	3	3	4	5	4	3	5	5	5	4	3	5	3	4
CCTTG	4	3	3	3	3	3	5	4	5	3	3	3	4	3	4	5	5	3	5	5	3	4	3	5	5
CACAG	3	3	3	3	3	4	4	3	3	3	5	3	5	4	3	4	5	5	5	3	4	5	3	3	4
CAGTC	3	3	4	4	3	3	3	3	3	4	4	5	3	5	5	5	4	3	5	4	3	5	3	4	3
CCCCA	3	3	4	4	3	3	5	3	5	4	4	3	3	3	5	3	4	5	3	4	5	5	5	4	3
AGGAC	3	3	3	5	5	4	4	5	3	5	5	5	3	4	3	4	3	3	5	3	4	5	5	5	4
AAGGG	4	3	5	3	5	5	3	4	3	3	5	3	4	5	4	5	3	5	5	5	3	4	3	3	3
ATGCT	5	3	4	4	3	3	5	5	3	4	4	5	3	5	5	3	4	5	3	4	3	3	5	4	3
ACTGC	3	5	4	4	5	3	3	5	5	4	4	3	3	3	5	5	4	3	5	4	5	3	5	4	5
AGCTG	3	3	4	4	3	5	5	3	5	4	4	3	5	5	3	3	4	3	5	4	3	5	3	4	5
TCGTA	5	4	5	5	4	5	5	3	4	5	3	4	3	3	5	5	3	4	4	5	3	5	3	4	2
CCCAA	3	4	3	4	3	4	5	3	4	5	4	3	4	2	4	4	4	5	4	3	5	5	5	4	4
CCCCC	2	3	4	4	3	2	4	4	5	4	4	3	2	4	5	3	5	4	4	3	5	5	5	4	4
ACCCA	4	4	5	5	4	4	5	3	5	4	4	3	3	3	5	3	4	5	3	4	5	5	5	4	3
ACCAC	3	5	4	5	4	4	4	4	4	5	4	3	3	3	4	4	5	4	5	2	5	5	5	4	5
CCTTC	3	4	3	4	3	2	4	4	5	4	3	4	3	3	5	5	5	2	5	4	4	4	4	5	5
TCTTT	5	5	3	5	3	4	5	4	4	4	2	4	4	3	5	4	5	3	5	5	4	3	3	3	4
TGTCA	4	3	3	5	5	3	5	4	5	3	5	5	4	3	4	3	3	3	3	5	5	4	4	4	2
TGTGT	3	4	2	4	4	4	4	5	4	4	4	4	5	4	4	3	3	3	5	5	5	2	4	2	4
TCGAT	5	4	3	5	4	5	5	5	2	5	3	4	3	3	4	4	4	5	5	4	4	4	4	3	3
CCGTA	4	3	4	4	3	4	5	3	4	5	3	4	3	3	5	5	3	4	4	5	3	5	4	5	3
TCCAA	4	5	4	5	4	5	5	3	4	5	4	3	4	2	4	4	4	5	4	3	5	5	4	3	3
TGTAC	3	4	2	5	5	3	4	5	4	4	5	5	4	3	3	4	4	2	5	3	5	4	4	4	4
ACTTA	5	5	4	5	4	4	5	3	5	4	3	4	4	2	5	5	4	3	4	5	4	4	4	5	4
TCTTC	4	5	4	5	4	3	4	4	5	4	3	4	3	3	5	5	5	2	5	4	4	4	3	4	4
ACACC	4	4	5	4	5	3	3	5	5	4	3	4	2	4	4	4	5	4	3	4	5	5	4	5	4
AGGTG	4	2	4	4	4	5	5	4	4	4	4	4	4	5	3	4	3	3	5	5	2	5	3	5	4
CCGAT	4	3	2	4	3	4	5	5	2	5	3	4	3	3	4	4	4	5	5	4	4	4	5	4	4
CGATT	3	3	2	3	2	4	4	4	4	5	2	5	5	5	3	3	4	3	4	5	4	4	3	4	5
CCAGT	3	4	3	2	3	4	3	5	4	5	2	3	4	4	4	4	4	5	4	5	5	3	4	3	5
CCTGT	3	4	2	3	3	3	4	5	4	4	3	3	4	3	5	4	4	4	5	5	5	2	5	3	5
AATGT	4	5	3	4	4	4	3	4	3	3	4	4	5	4	5	4	4	4	5	5	5	2	4	2	4
TATAT	5	5	2	5	4	4	4	4	2	3	4	5	5	3	4	4	5	4	5	4	5	3	3	2	3
TTTTT	5	5	3	4	2	3	5	4	4	4	3	5	5	4	5	4	5	3	4	4	3	2	3	3	4
ATAGT	4	5	4	2	3	4	3	5	4	5	3	4	5	5	4	4	4	5	3	4	4	2	4	3	5
AAAAT	5	5	3	4	4	5	3	4	2	4	3	5	5	4	3	4	5	5	4	4	5	4	3	3	4
GGAGT	3	4	3	3	4	5	2	4	3	4	2	3	4	4	2	2	2	3	3	4	4	2	4	3	5
TTAAT	5	5	3	3	3	4	4	5	3	5	3	5	5	4	3	4	5	5	3	3	4	3	3	3	4
CTGTC	3	3	4	3	2	2	4	4	4	5	4	5	3	5	5	5	4	3	4	3	2	4	4	5	4
AACTT	4	5	4	5	2	5	4	2	3	4	3	4	5	5	5	3	5	4	5	4	4	4	3	2	4
AGATC	3	4	4	4	4	4	3	4	5	5	3	5	4	5	3	4	4	2	4	4	4	5	3	5	5
TGGGG	3	2	4	3	5	5	4	5	4	4	5	3	4	5	3	4	2	4	5	5	3	4	3	3	3
CCTTT	4	4	2	4	2	3	5	4	4	4	2	4	4	3	5	4	5	3	5	5	4	3	4	4	5
ATCCG	4	3	5	3	3	3	5	4	5	3	5	3	4	5	4	3	5	5	3	3	3	4	4	4	4
TCCCC	3	4	5	5	4	3	4	4	5	4	4	3	2	4	5	3	5	4	4	3	5	5	4	3	3
ACGTT	5	4	4	5	3	5	5	4	3	5	2	4	3	4	5	4	4	4	5	5	3	4	4	4	4
TCCTT	4	5	4	5	2	5	5	3	4	5	2	3	4	4	5	3	5	4	5	4	4	4	3	2	4
ACAGT	4	5	4	3	4	5	3	5	4	5	2	3	4	4	4	4	4	5	4	5	5	3	4	3	5
TCCTG	4	4	5	4	3	5	5	3	5	4	3	2	4	4	4	4	5	4	5	4	3	5	2	3	4
CCATG	4	3	4	2	3	4	4	4	5	4	2	3	4	4	3	5	5	4	4	5	3	5	2	5	5
TACCG	4	3	5	4	4	4	4	3	4	2	5	3	4	5	4	3	5	5	4	4	4	5	2	2	2
CTGGT	3	3	3	2	2	3	4	5	3	5	4	4	4	5	5	4	3	5	4	4	3	2	5	3	4
CTTAG	4	3	2	2	3	2	5	5	4	3	5	4	5	3	3	5	5	4	4	3	3	3	4	5	5
CAGGT	3	3	3	3	3	4	3	4	2	4	4	4	4	5	5	4	3	5	5	5	4	3	4	2	3
TACAC	3	5	4	5	4	4	3	3	3	4	5	4	4	4	4	4	5	4	5	2	5	5	3	2	3
AAGGT	4	4	4	4	4	5	3	4	2	4	4	4	4	5	5	4	3	5	5	5	4	3	4	2	3
TGCTA	3	4	4	5	3	5	5	2	5	5	4	4	5	4	4	3	3	3	4	4	4	5	3	3	3
TCAGT	4	5	4	3	4	5	3	5	4	5	2	3	4	4	4	4	4	5	4	5	5	3	3	2	4
TGGAA	4	3	3	5	5	5	5	4	3	5	5	5	4	3	3	4	2	4	4	4	4	5	4	4	2
CATTC	3	4	3	4	3	2	3	3	4	3	4	5	4	4	5	5	5	2	5	4	4	4	3	4	4
AGTAC	3	4	2	5	5	3	4	5	4	4	5	5	4	3	3	4	4	2	5	3	5	4	5	5	5
CCTCT	4	3	2	4	3	2	5	5	4	3	3	4	3	3	5	3	5	4	4	5	5	3	5	4	4
TTCCT	4	4	4	4	2	3	5	4	4	4	4	4	4	5	5	2	5	5	3	3	4	3	4	2	3
CCTAG	4	3	2	3	4	3	5	5	4	3	4	3	4	2	3	5	5	4	5	4	4	4	4	5	5
TGCAG	3	3	3	4	4	5	5	4	4	4	5	3	5	4	2	3	4	4	5	3	4	5	3	3	4
CCACA	4	3	4	3	4	3	4	4	5	4	3	4	3	3	4	4	4	5	2	5	5	5	4	5	3
AATGG	4	4	4	3	5	4	3	4	4	2	5	3	5	4	4	5	4	4	5	5	4	3	3	3	4
TCTAG	5	4	3	4	5	4	5	5	4	3	4	3	4	2	3	5	5	4	5	4	4	4	3	4	4
ATTCT	5	4	3	4	3	2	5	5	4	3	4	5	4	4	5	3	5	4	3	4	4	2	5	4	4
ATTTT	5	5	3	4	2	3	5	4	4	4	3	5	5	4	5	4	5	3	4	4	3	2	4	4	5
TCGCG	5	2	5	4	5	4	5	5	4	3	4	3	2	4	4	4	4	5	4	5	3	5	3	4	2
ATTAT	5	5	2	4	3	3	5	5	3	4	4	5	5	3	4	4	5	4	4	3	4	2	5	4	5
TATTA	5	5	4	5	4	4	4	2	4	3	4	5	5	3	5	5	4	3	4	5	4	4	2	3	2
CTTTG	4	3	3	2	2	2	5	4	5	3	4	4	5	4	4	5	5	3	4	4	2	3	3	5	5
ACCGT	3	5	4	4	3	5	4	4	4	5	3	2	4	4	5	3	4	5	5	4	5	3	5	2	5
TCAAC	4	5	4	4	5	4	3	5	4	5	3	4	3	3	3	5	5	4	4	3	5	5	3	4	4
AACCT	4	4	4	5	3	4	4	3	3	3	4	4	4	5	5	2	5	5	4	4	5	4	4	2	3
CGTTA	3	3	2	4	3	3	5	3	5	4	4	5	5	3	4	4	3	2	4	5	4	4	4	5	4
GGTCA	4	3	3	5	5	3	4	3	4	2	4	4	3	2	3	2	2	2	2	4	4	3	5	5	3
CCACT	4	3	3	3	3	3	4	5	4	4	2	4	3	4	4	3	5	5	3	5	5	4	4	4	4
CTGTA	4	3	4	3	2	3	5	3	4	5	4	5	4	4	5	5	3	4	3	4	2	4	4	5	3
CCGGC	2	3	4	3	4	3	3	5	4	5	4	3	2	4	5	5	3	4	5	4	4	4	5	4	4
TCACT	5	4	4	4	4	4	4	5	4	4	2	4	3	4	4	3	5	5	3	5	5	4	3	3	3
CCCAT	3	4	2	4	2	4	5	4	3	5	3	3	4	3	4	3	5	5	5	3	5	4	5	3	5
ATGAT	5	4	3	4	3	4	5	5	2	5	4	5	4	4	4	4	4	5	4	3	3	3	5	4	4
